KillarneyBirds <-
structure(list(Oak1 = c(35L, 26L, 25L, 21L, 16L, 11L, 6L, 5L, 
3L, 3L, 3L, 3L, 3L, 2L, 2L, 2L, 1L, 1L, 1L, 1L, 0L, 0L, 0L, 0L, 
0L, 0L, 0L, 0L, 0L, 0L, 0L), Oak2 = c(41L, 35L, 19L, 27L, 8L, 
9L, 4L, 8L, 3L, 2L, 8L, 3L, 3L, 0L, 1L, 1L, 0L, 2L, 1L, 1L, 0L, 
0L, 0L, 0L, 1L, 1L, 3L, 1L, 0L, 0L, 0L), Oak3 = c(31L, 23L, 17L, 
17L, 1L, 8L, 0L, 4L, 1L, 2L, 2L, 1L, 2L, 0L, 0L, 1L, 0L, 1L, 
1L, 0L, 0L, 0L, 0L, 0L, 0L, 0L, 0L, 0L, 0L, 0L, 0L), Yew = c(9L, 
20L, 10L, 21L, 5L, 14L, 0L, 3L, 6L, 2L, 0L, 2L, 9L, 6L, 0L, 0L, 
0L, 0L, 1L, 0L, 0L, 0L, 0L, 0L, 0L, 0L, 0L, 0L, 1L, 1L, 0L), 
    Sitka = c(14L, 10L, 0L, 30L, 4L, 6L, 0L, 0L, 3L, 7L, 0L, 
    0L, 0L, 0L, 0L, 0L, 0L, 0L, 0L, 0L, 0L, 0L, 0L, 0L, 1L, 0L, 
    0L, 0L, 0L, 0L, 0L), Norway = c(30L, 30L, 3L, 65L, 20L, 11L, 
    0L, 4L, 14L, 2L, 9L, 3L, 0L, 5L, 0L, 0L, 0L, 0L, 0L, 0L, 
    0L, 0L, 1L, 0L, 0L, 0L, 0L, 0L, 0L, 0L, 1L), Mixed = c(10L, 
    18L, 7L, 15L, 10L, 4L, 1L, 2L, 7L, 3L, 2L, 1L, 4L, 3L, 0L, 
    1L, 1L, 0L, 0L, 0L, 0L, 0L, 0L, 0L, 2L, 0L, 0L, 0L, 0L, 0L, 
    0L), Patchy = c(13L, 12L, 8L, 22L, 14L, 6L, 3L, 3L, 8L, 5L, 
    2L, 1L, 3L, 3L, 1L, 0L, 2L, 0L, 0L, 0L, 5L, 1L, 0L, 2L, 3L, 
    2L, 0L, 0L, 0L, 0L, 0L), Swampy = c(15L, 20L, 5L, 11L, 10L, 
    5L, 0L, 2L, 8L, 4L, 3L, 3L, 2L, 6L, 0L, 0L, 1L, 1L, 0L, 0L, 
    2L, 1L, 1L, 0L, 0L, 0L, 0L, 0L, 0L, 0L, 0L), Bird_mass = c(21.81, 
    18.98, 11.88, 5.33, 9.91, 9.06, 14.47, 8.79, 101.8, 12.92, 
    507.4, 7.78, 18.61, 74.95, 510, 195.6, 21.17, 125.9, 208.6, 
    14.19, 8.88, 22.51, 508.7, 356.4, 7.7, 1210, 56.28, 18.09, 
    166.8, 288.8, 10.99)), .Names = c("Oak1", "Oak2", "Oak3", 
"Yew", "Sitka", "Norway", "Mixed", "Patchy", "Swampy", "Bird_mass"
), class = "data.frame", row.names = c("Chaffinch", "Robin", 
"BlueTit", "Goldcrest", "Wren", "CoalTit", "SpottedFlycatcher", 
"TreeCreeper", "Blackbird", "Siskin", "Woodpigeon", "LongtailedTit", 
"GreatTit", "SongThrush", "HoodedCrow", "Woodcock", "Dunnock", 
"MistleThrush", "Sparrowhawk", "Redstart", "WillowWarbler", "Bullfinch", 
"Crow", "Moorhen", "ChiffChaff", "Mallard", "CommonSandpiper", 
"GreyWagtail", "Jay", "LongEaredOwl", "Redpoll"))
