railSims <-
structure(list(A1 = c(0L, 1L, 1L, 0L, 0L, 1L, 1L, 0L, 0L, 1L, 
0L, 0L, 1L, 0L, 0L, 0L, 1L, 0L, 1L, 1L, 0L, 0L, 0L, 0L, 0L, 0L, 
1L, 1L, 1L, 0L, 0L, 0L, 1L, 1L, 1L, 1L, 1L, 1L, 0L, 1L, 0L, 0L, 
0L, 1L, 0L, 0L, 1L, 0L, 0L, 0L, 0L, 1L, 0L, 1L, 0L, 1L, 0L, 0L, 
1L, 1L, 0L, 0L, 1L, 0L, 0L, 0L, 0L, 0L, 1L, 1L, 0L, 0L, 1L, 1L, 
0L, 1L, 1L, 0L, 1L, 0L, 1L, 0L, 0L, 1L, 1L, 1L, 1L, 0L, 0L, 1L, 
0L, 0L, 1L, 0L, 1L, 0L, 1L, 1L, 0L, 0L, 1L, 0L, 0L, 0L, 0L, 0L, 
0L, 0L, 1L, 1L, 0L, 1L, 0L, 0L, 1L, 0L, 1L, 0L, 0L, 0L, 1L, 0L, 
0L, 0L, 1L, 1L, 1L, 0L, 0L, 0L, 1L, 1L, 1L, 1L, 0L, 1L, 0L, 1L, 
1L, 0L, 0L, 1L, 0L, 0L, 0L, 0L, 0L, 0L, 0L, 0L, 1L, 0L, 0L, 0L, 
0L, 0L, 0L, 1L, 1L, 0L), A2 = c(0L, 1L, 0L, 0L, 0L, 1L, 1L, 0L, 
0L, 0L, 0L, 1L, 1L, 0L, 0L, 0L, 1L, 0L, 0L, 1L, 0L, 0L, 0L, 0L, 
0L, 0L, 1L, 1L, 1L, 1L, 0L, 0L, 1L, 1L, 0L, 0L, 1L, 1L, 0L, 1L, 
0L, 0L, 0L, 0L, 0L, 0L, 1L, 0L, 0L, 0L, 0L, 0L, 0L, 1L, 0L, 1L, 
0L, 0L, 1L, 0L, 0L, 0L, 0L, 0L, 0L, 0L, 0L, 0L, 1L, 1L, 0L, 0L, 
1L, 0L, 0L, 1L, 1L, 0L, 0L, 0L, 1L, 0L, 1L, 1L, 1L, 0L, 1L, 0L, 
0L, 1L, 0L, 0L, 1L, 0L, 1L, 0L, 1L, 1L, 0L, 0L, 1L, 0L, 0L, 0L, 
0L, 0L, 0L, 0L, 0L, 1L, 0L, 0L, 1L, 0L, 0L, 0L, 1L, 0L, 1L, 0L, 
0L, 0L, 0L, 0L, 0L, 1L, 0L, 0L, 0L, 0L, 1L, 1L, 1L, 1L, 0L, 1L, 
0L, 1L, 1L, 0L, 0L, 1L, 0L, 0L, 0L, 0L, 0L, 0L, 1L, 0L, 1L, 0L, 
1L, 0L, 0L, 0L, 0L, 0L, 1L, 0L), A3 = c(0L, 1L, 0L, 0L, 0L, 1L, 
1L, 0L, 0L, 1L, 0L, 1L, 1L, 0L, 0L, 0L, 1L, 0L, 1L, 1L, 0L, 0L, 
0L, 0L, 0L, 0L, 0L, 1L, 1L, 1L, 0L, 0L, 1L, 0L, 1L, 0L, 1L, 1L, 
0L, 1L, 0L, 0L, 0L, 0L, 1L, 0L, 1L, 0L, 0L, 0L, 0L, 1L, 0L, 1L, 
0L, 1L, 0L, 0L, 0L, 1L, 0L, 0L, 0L, 0L, 0L, 0L, 0L, 0L, 1L, 1L, 
0L, 0L, 1L, 1L, 0L, 1L, 1L, 0L, 1L, 0L, 1L, 0L, 1L, 0L, 1L, 1L, 
1L, 0L, 0L, 1L, 1L, 0L, 1L, 0L, 1L, 0L, 0L, 0L, 0L, 0L, 1L, 0L, 
0L, 0L, 0L, 0L, 0L, 0L, 1L, 1L, 0L, 1L, 1L, 0L, 1L, 0L, 1L, 0L, 
1L, 0L, 1L, 0L, 0L, 0L, 0L, 1L, 1L, 0L, 0L, 0L, 1L, 1L, 1L, 0L, 
0L, 1L, 0L, 1L, 0L, 0L, 0L, 1L, 0L, 0L, 0L, 0L, 0L, 0L, 1L, 0L, 
1L, 0L, 1L, 0L, 0L, 0L, 0L, 1L, 1L, 0L), B1 = c(1L, 0L, 0L, 1L, 
1L, 0L, 0L, 1L, 1L, 0L, 1L, 0L, 1L, 1L, 1L, 0L, 0L, 1L, 0L, 0L, 
0L, 0L, 1L, 0L, 0L, 1L, 0L, 0L, 0L, 0L, 0L, 0L, 0L, 0L, 0L, 0L, 
0L, 0L, 1L, 0L, 1L, 1L, 0L, 1L, 1L, 1L, 0L, 1L, 1L, 1L, 1L, 0L, 
1L, 0L, 0L, 0L, 1L, 0L, 0L, 1L, 0L, 0L, 0L, 0L, 1L, 1L, 0L, 1L, 
0L, 0L, 1L, 1L, 0L, 0L, 1L, 0L, 0L, 1L, 0L, 1L, 0L, 1L, 0L, 0L, 
0L, 0L, 0L, 0L, 0L, 0L, 0L, 0L, 0L, 0L, 0L, 0L, 0L, 0L, 1L, 1L, 
0L, 1L, 1L, 0L, 1L, 1L, 0L, 1L, 0L, 0L, 0L, 1L, 0L, 1L, 0L, 1L, 
0L, 0L, 0L, 0L, 0L, 1L, 1L, 0L, 1L, 1L, 0L, 0L, 1L, 1L, 0L, 0L, 
0L, 0L, 1L, 1L, 1L, 0L, 0L, 0L, 1L, 0L, 1L, 1L, 0L, 1L, 1L, 0L, 
0L, 0L, 0L, 1L, 0L, 1L, 0L, 1L, 0L, 0L, 0L, 1L), B2 = c(1L, 1L, 
1L, 1L, 1L, 0L, 0L, 1L, 1L, 0L, 1L, 0L, 1L, 1L, 1L, 0L, 0L, 1L, 
1L, 0L, 0L, 0L, 1L, 0L, 1L, 1L, 0L, 0L, 0L, 1L, 0L, 1L, 0L, 0L, 
1L, 0L, 0L, 0L, 1L, 0L, 1L, 1L, 0L, 1L, 1L, 1L, 0L, 1L, 1L, 1L, 
1L, 0L, 0L, 0L, 1L, 0L, 1L, 0L, 0L, 1L, 0L, 1L, 0L, 0L, 1L, 1L, 
0L, 1L, 0L, 0L, 1L, 1L, 0L, 1L, 0L, 0L, 0L, 1L, 1L, 1L, 1L, 1L, 
0L, 0L, 0L, 1L, 0L, 1L, 0L, 0L, 0L, 0L, 0L, 0L, 0L, 1L, 0L, 1L, 
1L, 1L, 0L, 0L, 1L, 0L, 1L, 0L, 0L, 0L, 0L, 0L, 1L, 1L, 0L, 1L, 
0L, 0L, 0L, 0L, 0L, 1L, 0L, 1L, 1L, 1L, 1L, 1L, 1L, 1L, 1L, 0L, 
0L, 0L, 0L, 1L, 1L, 1L, 1L, 0L, 0L, 0L, 1L, 1L, 0L, 1L, 0L, 1L, 
1L, 0L, 0L, 0L, 0L, 1L, 0L, 1L, 0L, 1L, 1L, 0L, 0L, 1L), B3 = c(1L, 
0L, 1L, 0L, 1L, 0L, 0L, 1L, 1L, 1L, 1L, 1L, 0L, 1L, 1L, 0L, 0L, 
1L, 1L, 1L, 0L, 0L, 1L, 1L, 1L, 1L, 0L, 0L, 0L, 1L, 0L, 1L, 0L, 
0L, 1L, 1L, 0L, 0L, 1L, 1L, 1L, 1L, 0L, 1L, 0L, 1L, 0L, 0L, 1L, 
0L, 1L, 0L, 1L, 0L, 1L, 0L, 0L, 1L, 0L, 1L, 0L, 1L, 0L, 0L, 1L, 
1L, 0L, 1L, 0L, 0L, 0L, 1L, 1L, 0L, 1L, 0L, 0L, 1L, 0L, 1L, 0L, 
0L, 0L, 0L, 0L, 0L, 0L, 1L, 0L, 1L, 0L, 0L, 0L, 0L, 0L, 1L, 0L, 
1L, 1L, 1L, 0L, 0L, 1L, 1L, 1L, 1L, 0L, 0L, 0L, 0L, 1L, 0L, 0L, 
1L, 0L, 1L, 0L, 0L, 0L, 1L, 0L, 1L, 1L, 1L, 0L, 0L, 1L, 1L, 1L, 
1L, 0L, 0L, 0L, 1L, 0L, 0L, 0L, 0L, 0L, 0L, 0L, 0L, 1L, 1L, 0L, 
1L, 1L, 1L, 0L, 0L, 0L, 1L, 0L, 1L, 0L, 1L, 1L, 0L, 0L, 1L), 
    logArea = structure(c(-0.585, -0.231, 1.686, 0.092, 0.155, 
    1.854, 0.51, -1.34, -0.72, -0.462, 1.328, 0.402, 0.445, 0.135, 
    -0.58, 1.931, 0.549, -2.092, 0.768, -0.491, -1.128, -0.218, 
    -1.084, -0.765, -0.654, -1.792, 0.914, 0.18, -1.204, 1.36, 
    0.473, -0.3, 0.975, 0.957, 0.896, 0.754, 0.61, -0.05, -0.312, 
    -0.392, -0.729, -0.207, -1.34, 2.34, 1.311, -1.188, -0.416, 
    -0.484, 0.852, -0.073, 0.287, -0.015, -0.03, 1.483, -0.226, 
    1.641, -1.644, 0.642, 0.149, 0.247, 0.423, -0.522, -0.341, 
    -1.076, -1.133, 0.341, 0.496, 0.073, 1.004, 2.213, -0.51, 
    -2.459, 1.094, -0.744, -0.721, 1.115, -0.289, -1.292, 0.21, 
    -0.133, 0.022, 0.429, -0.381, 0.707, -0.22, 0.372, 1.191, 
    0.482, -0.333, 1.247, 1.081, 0.604, 0.272, -0.657, 1.474, 
    -0.627, 2.36, 1.658, -0.237, -1.084, -0.745, 0.291, -0.248, 
    -0.357, -1.004, -0.032, -0.825, -1.772, -0.392, 1.001, -0.601, 
    0.667, -1.718, -0.044, 0.573, 0.339, 0.129, -0.671, -0.895, 
    -1.082, 0.142, -0.999, -0.51, -0.259, 1.992, -0.683, 0.268, 
    0.099, -1.015, -0.06, 1.564, 0.5, 0.06, -0.437, -2.185, 1.228, 
    -1.549, 0.809, 2.062, -1.531, 0.768, -0.265, -1.669, -1.607, 
    -1.7, -0.553, -1.551, 0.753, 2.267, -1.363, 0.86, 0.84, 0.372, 
    -1.065, -0.112, -0.285, 0.619, -0.383, 1.063, -0.385), .Dim = c(160L, 
    1L), "`scaled:center`" = -0.0148795523155023, "`scaled:scale`" = 0.933101966652346), 
    reeds = c(TRUE, FALSE, FALSE, TRUE, FALSE, FALSE, TRUE, FALSE, 
    FALSE, TRUE, TRUE, FALSE, TRUE, TRUE, FALSE, FALSE, TRUE, 
    TRUE, TRUE, TRUE, FALSE, FALSE, TRUE, FALSE, FALSE, FALSE, 
    TRUE, FALSE, FALSE, TRUE, FALSE, TRUE, TRUE, FALSE, TRUE, 
    TRUE, TRUE, FALSE, FALSE, TRUE, FALSE, FALSE, TRUE, FALSE, 
    FALSE, TRUE, FALSE, FALSE, FALSE, FALSE, FALSE, FALSE, TRUE, 
    FALSE, TRUE, TRUE, TRUE, FALSE, FALSE, TRUE, TRUE, TRUE, 
    FALSE, TRUE, TRUE, TRUE, FALSE, FALSE, FALSE, FALSE, TRUE, 
    FALSE, TRUE, TRUE, FALSE, FALSE, FALSE, FALSE, FALSE, TRUE, 
    TRUE, FALSE, TRUE, TRUE, FALSE, FALSE, TRUE, FALSE, FALSE, 
    TRUE, FALSE, TRUE, FALSE, FALSE, FALSE, FALSE, TRUE, FALSE, 
    FALSE, FALSE, TRUE, TRUE, TRUE, FALSE, TRUE, TRUE, FALSE, 
    FALSE, FALSE, TRUE, TRUE, TRUE, FALSE, TRUE, FALSE, TRUE, 
    FALSE, FALSE, FALSE, FALSE, FALSE, TRUE, TRUE, FALSE, TRUE, 
    TRUE, TRUE, FALSE, FALSE, TRUE, TRUE, FALSE, FALSE, FALSE, 
    FALSE, TRUE, TRUE, TRUE, FALSE, FALSE, TRUE, FALSE, FALSE, 
    FALSE, TRUE, FALSE, FALSE, TRUE, FALSE, TRUE, FALSE, TRUE, 
    FALSE, TRUE, TRUE, FALSE, TRUE, FALSE, FALSE, TRUE)), .Names = c("A1", 
"A2", "A3", "B1", "B2", "B3", "logArea", "reeds"), row.names = c(NA, 
-160L), class = "data.frame")
