# Basal area and number of individual trees >= 5cm dbh of each species in a 1ha
#  plot in Ulu Temburong - Brunei. There were 1012 trees of 276 species.
#
# "Temburong" gives number of stems, "TemburongBA" basal area in sq. cm.
#
# Source: Small, Martin, Kitching & Wong. 2004. Contribution of tree
#   species to the biodiversity of a 1 ha Old World rainforest in
#   Brunei, Borneo. Biodiversity and Conservation 13:2067-2088.
#
Temburong <-
c(1L, 1L, 1L, 1L, 1L, 1L, 1L, 1L, 1L, 1L, 1L, 1L, 1L, 1L, 1L, 
1L, 1L, 1L, 1L, 1L, 1L, 1L, 1L, 1L, 1L, 1L, 1L, 1L, 1L, 1L, 1L, 
1L, 1L, 1L, 1L, 1L, 1L, 1L, 1L, 1L, 1L, 1L, 1L, 1L, 1L, 1L, 1L, 
1L, 1L, 1L, 1L, 1L, 1L, 1L, 1L, 1L, 1L, 1L, 1L, 1L, 1L, 1L, 1L, 
1L, 1L, 1L, 1L, 1L, 1L, 1L, 1L, 1L, 1L, 1L, 1L, 1L, 1L, 1L, 1L, 
1L, 1L, 1L, 1L, 1L, 1L, 1L, 1L, 1L, 1L, 1L, 1L, 1L, 1L, 1L, 1L, 
1L, 1L, 1L, 1L, 1L, 1L, 1L, 1L, 1L, 1L, 1L, 1L, 1L, 1L, 1L, 2L, 
2L, 2L, 2L, 2L, 2L, 2L, 2L, 2L, 2L, 2L, 2L, 2L, 2L, 2L, 2L, 2L, 
2L, 2L, 2L, 2L, 2L, 2L, 2L, 2L, 2L, 2L, 2L, 2L, 2L, 2L, 2L, 2L, 
2L, 2L, 2L, 2L, 2L, 2L, 2L, 2L, 2L, 2L, 2L, 2L, 2L, 2L, 2L, 2L, 
2L, 2L, 2L, 2L, 2L, 2L, 2L, 2L, 2L, 2L, 2L, 2L, 2L, 2L, 3L, 3L, 
3L, 3L, 3L, 3L, 3L, 3L, 3L, 3L, 3L, 3L, 3L, 3L, 3L, 3L, 3L, 3L, 
3L, 3L, 3L, 3L, 3L, 3L, 3L, 3L, 4L, 4L, 4L, 4L, 4L, 4L, 4L, 4L, 
4L, 4L, 4L, 4L, 4L, 4L, 4L, 5L, 5L, 5L, 5L, 5L, 5L, 5L, 5L, 5L, 
5L, 5L, 5L, 5L, 5L, 5L, 5L, 5L, 5L, 5L, 5L, 5L, 5L, 6L, 6L, 6L, 
6L, 6L, 6L, 6L, 6L, 6L, 6L, 6L, 6L, 6L, 6L, 7L, 7L, 8L, 8L, 8L, 
8L, 8L, 8L, 9L, 9L, 9L, 10L, 10L, 11L, 15L, 16L, 16L, 16L, 16L, 
25L, 27L, 27L, 30L, 38L, 39L, 59L)

TemburongBA <-
c(31L, 109L, 1126L, 334L, 31L, 1250L, 1386L, 1934L, 284L, 317L, 
33L, 40L, 229L, 475L, 187L, 183L, 722L, 104L, 242L, 53L, 41295L, 
90L, 421L, 4181L, 58L, 47L, 117L, 1155L, 6969L, 31L, 116L, 149L, 
31L, 26L, 2093L, 65L, 214L, 492L, 119L, 97L, 18529L, 40L, 79L, 
243L, 322L, 95L, 20L, 135L, 61L, 21L, 2980L, 6907L, 38L, 1346L, 
6082L, 670L, 974L, 4559L, 1327L, 707L, 3351L, 1605L, 3669L, 930L, 
903L, 1662L, 346L, 382L, 34L, 249L, 83L, 44L, 652L, 529L, 72L, 
549L, 136L, 34L, 332L, 22L, 72L, 2170L, 1414L, 1725L, 810L, 24L, 
509L, 56L, 719L, 334L, 3499L, 83L, 363L, 212L, 49L, 122L, 1727L, 
1422L, 603L, 152L, 210L, 3191L, 378L, 234L, 2380L, 1642L, 93L, 
49L, 1134L, 61L, 5130L, 581L, 72L, 102L, 685L, 68L, 40L, 353L, 
3635L, 48L, 238L, 26L, 251L, 47L, 1190L, 36L, 2818L, 3103L, 68L, 
50L, 88L, 1211L, 298L, 1403L, 1256L, 189L, 857L, 278L, 384L, 
637L, 1118L, 552L, 31L, 1858L, 57L, 249L, 69L, 402L, 68L, 263L, 
172L, 40L, 32L, 1815L, 476L, 528L, 38L, 597L, 35L, 59L, 41L, 
498L, 30L, 34L, 26L, 42L, 4527L, 336L, 7319L, 23L, 5463L, 1594L, 
108L, 151L, 58L, 339L, 54L, 1457L, 307L, 1945L, 250L, 1244L, 
28L, 1357L, 7027L, 632L, 1016L, 9440L, 148L, 508L, 241L, 445L, 
2146L, 64L, 86L, 933L, 18406L, 9211L, 495L, 3888L, 104L, 2570L, 
326L, 34L, 3344L, 41L, 552L, 273L, 624L, 109L, 62L, 154L, 1205L, 
80L, 1623L, 681L, 336L, 47L, 299L, 24L, 1519L, 133L, 828L, 23L, 
588L, 137L, 349L, 293L, 535L, 2272L, 172L, 23L, 85L, 34L, 2055L, 
83L, 639L, 280L, 436L, 100L, 220L, 28L, 548L, 779L, 40L, 794L, 
79L, 295L, 1505L, 755L, 1927L, 125L, 154L, 79L, 131L, 684L, 79L, 
177L, 429L, 189L, 118L, 327L, 224L, 69L, 205L, 1221L, 618L, 330L, 
66L, 264L, 4582L, 191L, 178L, 183L, 255L, 52L)
