weta <-
structure(list(D1 = c(0L, 0L, 0L, 0L, 0L, 0L, 0L, 0L, 0L, 1L, 
0L, 0L, 0L, 0L, 1L, NA, NA, NA, NA, 0L, 0L, 0L, 1L, 0L, 0L, 0L, 
0L, 0L, 0L, 0L, 0L, 0L, 0L, 0L, 0L, 0L, 0L, NA, NA, NA, NA, NA, 
NA, NA, NA, NA, NA, 0L, 1L, 1L, 1L, 0L, 0L, 0L, 0L, 0L, 1L, 0L, 
0L, 1L, 1L, 0L, NA, NA, NA, NA, NA, 1L, 1L, 0L, 0L, 0L), D2 = c(0L, 
0L, 0L, 0L, 0L, 0L, 0L, 0L, 0L, 1L, 0L, 1L, 1L, 0L, 0L, 0L, 0L, 
0L, 0L, 0L, NA, NA, NA, NA, NA, 0L, 0L, 1L, 0L, 0L, 0L, 0L, 0L, 
0L, 0L, 0L, 1L, 0L, 1L, 0L, 1L, 0L, NA, NA, NA, NA, NA, 0L, 0L, 
0L, 0L, 0L, 0L, 0L, 0L, 0L, 0L, 0L, 1L, 1L, 0L, 0L, 0L, 0L, 1L, 
0L, 1L, NA, NA, NA, NA, NA), D3 = c(0L, 0L, 0L, 0L, 0L, 0L, 0L, 
0L, 0L, 0L, NA, NA, NA, NA, NA, 0L, 0L, 1L, 0L, 0L, 0L, 0L, 0L, 
0L, 0L, 0L, 0L, 0L, 0L, 0L, 0L, 0L, 0L, 0L, 0L, 0L, 1L, NA, NA, 
0L, 1L, 0L, 0L, 1L, 0L, 0L, 1L, 0L, 1L, 0L, 0L, 0L, 0L, 0L, 0L, 
0L, 0L, NA, NA, NA, NA, NA, 0L, 0L, 0L, 0L, 0L, 0L, 0L, 0L, 0L, 
0L), D4 = c(0L, 0L, 1L, 0L, 0L, 0L, 0L, 0L, 0L, 0L, 1L, 0L, 0L, 
0L, 1L, NA, NA, NA, NA, NA, NA, NA, NA, NA, NA, NA, NA, NA, NA, 
0L, 0L, 0L, 0L, 0L, 0L, 0L, 0L, 0L, 0L, 0L, 0L, 0L, 0L, 1L, 0L, 
0L, 0L, 0L, 0L, 0L, 0L, 1L, 1L, 0L, 0L, 0L, 1L, 0L, 1L, 1L, 1L, 
0L, NA, NA, NA, NA, NA, NA, NA, NA, NA, NA), D5 = c(NA, NA, NA, 
NA, NA, NA, NA, NA, NA, NA, 0L, 0L, 1L, 0L, 1L, 1L, 0L, 0L, 0L, 
0L, 0L, 0L, 0L, 0L, 0L, NA, NA, NA, NA, NA, NA, NA, NA, 1L, 0L, 
0L, 0L, 0L, 0L, 0L, 1L, 1L, 1L, 1L, 1L, 1L, 1L, NA, NA, NA, NA, 
NA, NA, NA, NA, NA, NA, 0L, 0L, 1L, 1L, 1L, 0L, 0L, 1L, 0L, 1L, 
1L, 0L, 0L, 0L, 1L), Browsed = c(1L, 1L, 1L, 0L, 1L, 0L, 0L, 
0L, 0L, 1L, 1L, 1L, 1L, 0L, 0L, 1L, 1L, 0L, 0L, 1L, 1L, 0L, 1L, 
0L, 0L, 0L, 0L, 1L, 0L, 0L, 0L, 1L, 0L, 0L, 0L, 0L, 0L, 1L, 0L, 
0L, 0L, 1L, 0L, 0L, 0L, 1L, 0L, 1L, 1L, 0L, 1L, 1L, 0L, 1L, 1L, 
0L, 1L, 1L, 1L, 1L, 1L, 1L, 0L, 0L, 1L, 1L, 1L, 1L, 0L, 1L, 0L, 
0L), ObsD1 = structure(c(1L, 1L, 1L, 1L, 1L, 1L, 1L, 1L, 1L, 
1L, 1L, 1L, 1L, 1L, 1L, NA, NA, NA, NA, 1L, 1L, 1L, 1L, 1L, 1L, 
2L, 2L, 2L, 2L, 2L, 2L, 2L, 2L, 2L, 2L, 2L, 2L, NA, NA, NA, NA, 
NA, NA, NA, NA, NA, NA, 3L, 3L, 3L, 3L, 3L, 3L, 3L, 3L, 3L, 3L, 
3L, 3L, 3L, 3L, 3L, NA, NA, NA, NA, NA, 3L, 3L, 3L, 3L, 3L), .Label = c("A", 
"B", "C"), class = "factor"), ObsD2 = structure(c(3L, 3L, 3L, 
3L, 3L, 3L, 3L, 3L, 3L, 3L, 3L, 3L, 3L, 3L, 3L, 3L, 3L, 3L, 3L, 
3L, NA, NA, NA, NA, NA, 1L, 1L, 1L, 1L, 1L, 1L, 1L, 1L, 1L, 1L, 
1L, 1L, 1L, 1L, 1L, 1L, 1L, NA, NA, NA, NA, NA, 2L, 2L, 2L, 2L, 
2L, 2L, 2L, 2L, 2L, 2L, 2L, 2L, 2L, 2L, 2L, 2L, 2L, 2L, 2L, 2L, 
NA, NA, NA, NA, NA), .Label = c("A", "B", "C"), class = "factor"), 
    ObsD3 = structure(c(2L, 2L, 2L, 2L, 2L, 2L, 2L, 2L, 2L, 2L, 
    NA, NA, NA, NA, NA, 2L, 2L, 2L, 2L, 2L, 2L, 2L, 2L, 2L, 2L, 
    3L, 3L, 3L, 3L, 3L, 3L, 3L, 3L, 3L, 3L, 3L, 3L, NA, NA, 3L, 
    3L, 3L, 3L, 3L, 3L, 3L, 3L, 1L, 1L, 1L, 1L, 1L, 1L, 1L, 1L, 
    1L, 1L, NA, NA, NA, NA, NA, 1L, 1L, 1L, 1L, 1L, 1L, 1L, 1L, 
    1L, 1L), .Label = c("A", "B", "C"), class = "factor"), ObsD4 = structure(c(3L, 
    3L, 3L, 3L, 3L, 3L, 3L, 3L, 3L, 3L, 3L, 3L, 3L, 3L, 3L, NA, 
    NA, NA, NA, NA, NA, NA, NA, NA, NA, NA, NA, NA, NA, 1L, 1L, 
    1L, 1L, 1L, 1L, 1L, 1L, 1L, 1L, 1L, 1L, 1L, 1L, 1L, 1L, 1L, 
    1L, 2L, 2L, 2L, 2L, 2L, 2L, 2L, 2L, 2L, 2L, 2L, 2L, 2L, 2L, 
    2L, NA, NA, NA, NA, NA, NA, NA, NA, NA, NA), .Label = c("A", 
    "B", "C"), class = "factor"), ObsD5 = structure(c(NA, NA, 
    NA, NA, NA, NA, NA, NA, NA, NA, 1L, 1L, 1L, 1L, 1L, 1L, 1L, 
    1L, 1L, 1L, 1L, 1L, 1L, 1L, 1L, NA, NA, NA, NA, NA, NA, NA, 
    NA, 2L, 2L, 2L, 2L, 2L, 2L, 2L, 2L, 2L, 2L, 2L, 2L, 2L, 2L, 
    NA, NA, NA, NA, NA, NA, NA, NA, NA, NA, 3L, 3L, 3L, 3L, 3L, 
    3L, 3L, 3L, 3L, 3L, 3L, 3L, 3L, 3L, 3L), .Label = c("A", 
    "B", "C"), class = "factor")), .Names = c("D1", "D2", "D3", 
"D4", "D5", "Browsed", "ObsD1", "ObsD2", "ObsD3", "ObsD4", "ObsD5"
), class = "data.frame", row.names = c(NA, -72L))
